Frame: 
12
   0.999194 -0.00522319   0.0397892   -0.239658
 0.00411239    0.999601    0.027948    0.250423
 -0.0399193  -0.0277618    0.998817   -0.733759
          0           0           0           1
  0.999352 -0.0137938  0.0332498  -0.231617
 0.0127229     0.9994  0.0322048   0.223693
-0.0336741 -0.0317609   0.998928  -0.862688
         0          0          0          1
  0.999064 -0.0165297  0.0399763  -0.240243
 0.0153066   0.999411    0.03071   0.205477
-0.0404604 -0.0300694   0.998729  -0.939249
         0          0          0          1
1 0 0 0
0 1 0 0
0 0 1 0
0 0 0 1
    0.999939  9.83692e-05    0.0110405   -0.0857746
-0.000105315            1  0.000628545    0.0540727
  -0.0110404 -0.000629669     0.999939  -0.00753194
           0            0            0            1
   0.999704 -0.00151318    0.024266   -0.183419
 0.00141652    0.999991  0.00400002   0.0971978
 -0.0242718 -0.00396447    0.999698  -0.0227251
          0           0           0           1
    0.999313 -0.000514344     0.037071    -0.258308
 0.000110031     0.999941    0.0109077     0.143887
  -0.0370744   -0.0108961     0.999253   -0.0481572
           0            0            0            1
  0.998722 -0.0107367  0.0493878  -0.314263
0.00999587   0.999834  0.0152224   0.170027
 -0.049543 -0.0147092   0.998664  -0.185458
         0          0          0          1
   0.99852 -0.0144474  0.0524233  -0.311119
 0.0136838   0.999795   0.014895   0.171793
-0.0526278 -0.0141557   0.998514  -0.276605
         0          0          0          1
   0.99862 -0.0179929  0.0493431  -0.298168
 0.0173573   0.999761    0.01328   0.163916
-0.0495703 -0.0124052   0.998694  -0.401611
         0          0          0          1
  0.998896 -0.0163503  0.0440353  -0.268333
 0.0158204   0.999799   0.012354   0.171939
-0.0442285 -0.0116437   0.998954   -0.52337
         0          0          0          1
  0.999029 -0.0129709  0.0420944  -0.237872
 0.0122344   0.999768  0.0177061   0.204269
-0.0423143 -0.0171739   0.998957  -0.632545
         0          0          0          1
feature: 
383
-0.595917
  -4.3127
  1.52181
0.122764
 -4.4908
 1.64861
-0.24352
-4.01327
  1.5665
-0.093569
 -4.10879
  1.88564
-0.484575
  -3.9651
  1.81546
-1.07986
-3.67218
  1.7911
-0.201613
 -3.52553
  1.84291
-0.826193
 -3.53927
  1.94934
-0.0708466
  -3.61079
   2.14418
-1.16493
-3.60296
 2.02129
0.261633
-3.69871
 2.25021
-5.75192
 -7.4569
 3.22944
-0.682598
 -3.13228
  2.06689
-0.907366
 -3.18133
  2.16556
 1.24544
-7.62189
 5.46022
 1.80809
-7.00799
 4.93261
-5.77072
-6.87866
 3.25584
-0.0122217
  -3.33943
   2.44963
 9.50448
-15.2064
  8.9867
-1.27363
-3.21456
  2.2119
-0.491465
 -3.07692
  2.25859
-0.730554
 -2.92706
  2.18126
 10.5707
-13.0217
 6.95515
  11.623
-13.2615
 6.56755
 6.88824
-13.2689
 9.40286
 8.73275
-11.7431
 7.22436
0.298588
-6.28818
 5.44367
 1.90196
-6.58266
 5.41043
 1.33453
-6.54594
 5.53198
 3.37033
-9.14213
 7.45145
 9.11365
-14.6019
 10.6237
 -16.341
-14.2398
 6.21466
-4.23035
-4.74783
 2.91475
-1.22712
-2.61053
 2.10482
0.862416
 -6.1334
 5.35754
-0.0823334
  -2.92232
    2.6292
-0.886432
 -2.68336
   2.3475
-6.58023
-9.26005
 7.15475
-1.15274
-2.68431
 2.36985
 7.45292
-13.6188
 11.4925
-3.95264
-4.49375
 3.15995
-10.8083
  -9.747
 5.53945
0.576777
-9.41359
 9.09945
 1.33604
-5.94934
 5.62871
 5.17604
-10.5111
 9.40343
  10.403
-11.6522
 8.59792
 2.34943
-6.88113
 6.58036
  10.764
-15.4888
 13.6076
 10.7188
-10.8677
 7.99059
-0.686855
 -2.44687
  2.48028
-0.325599
 -2.59218
  2.66658
-0.135304
 -3.04299
  3.15787
0.857111
-6.31734
  6.6274
9.20333
-14.507
13.4312
-3.53172
-4.73619
 4.16518
 1.60061
-5.42165
 5.61402
 3.61045
-7.95144
 7.97536
-1.28802
-2.46476
 2.44667
 1.15892
-5.42149
 5.81141
0.480256
-8.24999
 9.21372
11.4695
-10.355
7.66097
-0.859054
 -2.30892
  2.46653
 10.3668
-13.0194
 12.0297
 11.9883
-12.2519
 10.2179
-1.09008
-2.33775
 2.54141
 4.27549
-7.80912
 8.61777
  1.4533
-4.85474
 5.76901
-4.18367
-4.05823
 3.81996
 10.8725
-11.4708
 11.3198
-0.398673
 -5.39773
  6.93773
 2.46133
-5.79461
 7.18656
 -8.4936
-6.52767
 5.60446
-4.42077
 -3.7939
 3.66728
0.622885
-4.80817
  6.3629
 1.12222
-4.55172
 5.96597
-1.64522
-2.24168
 2.69779
-1.38754
-2.15853
 2.67559
 0.10907
-6.00722
 8.13906
 11.8612
-10.0733
 10.1926
 1.55631
-4.48036
 6.16182
11.5327
-11.411
 13.178
 2.64483
-5.64101
  7.8243
-0.313467
 -2.21066
   3.2264
-1.14141
-1.99959
 2.82743
-0.78792
 -1.9618
 2.85659
-2.12083
-2.40492
 3.19107
0.345977
-4.38484
 6.59013
 12.4493
-10.3748
 12.1553
-0.503427
 -2.00573
  3.02495
0.874549
-4.22765
  6.4052
-4.18839
-3.28134
 3.97707
 1.51506
-3.92945
 6.15366
 13.9955
-9.37675
 10.8431
 11.9533
-10.2694
   13.99
 3.10555
-5.68702
 9.18193
-4.08533
-3.25024
 4.42983
-2.07976
-2.12353
 3.18371
-1.55073
-1.84635
 2.85776
-0.291044
  -2.2238
   3.7421
0.673928
-3.78219
 6.39813
0.0381288
 -3.90813
  6.80587
 1.09686
-3.68483
 6.27123
-4.18711
-2.89583
 4.18724
 2.20569
-4.25599
 7.81045
 1.31902
-3.32849
   6.394
-1.57157
-1.66502
 3.03181
0.0193677
  -3.2011
  6.31631
0.577429
-3.19743
 6.42355
0.937491
-3.17205
 6.37183
-1.95513
-1.70652
 3.34311
-0.760049
 -1.53644
  3.34764
-3.87083
-2.29273
 4.51141
0.870311
-2.71715
 6.62238
 2.13553
-3.34812
 8.03274
-0.522982
 -3.50959
  8.75815
0.215883
-2.72784
 6.91461
-1.55629
-1.34197
 3.16315
-4.12266
-2.76878
 6.46804
-3.90961
-1.86358
 4.47346
-1.83907
-1.18568
 3.31542
-0.740141
 -1.18067
  3.60853
 0.72014
-2.17462
 6.70645
2.03076
-2.6302
8.63003
-1.56823
-1.05528
 3.31869
-0.142464
 -2.21922
  7.55734
0.327667
-2.05215
 7.13661
-0.599086
 -1.70991
  5.98348
-4.27129
-1.56915
 4.57895
 -2.9301
-1.32436
 4.26928
-0.769565
 -1.00154
  3.79519
 -1.45555
-0.887921
  3.40125
 -2.05941
-0.900358
  3.51088
0.578552
-1.60772
 6.88136
 -1.01734
-0.800253
  3.56963
-0.405909
 -1.90502
  8.67454
-3.86531
-1.19409
 4.66345
 -2.68163
-0.981049
  3.90956
  -1.8477
-0.778497
  3.55192
0.753864
-1.25252
 6.84357
-0.994133
-0.659397
  3.86348
0.0254275
 -1.18957
  7.20734
-1.30372
-0.61698
 3.66793
-17.8977
-2.16267
 4.27835
 -2.31915
-0.683277
  3.80798
-0.369761
 -1.17343
  7.52777
 -4.03063
-0.888129
  4.78569
 -1.69296
-0.574398
  3.56671
 -4.54828
-0.879514
  4.71741
  1.01466
-0.960038
  7.23099
 -2.80769
-0.526639
    4.098
 -2.16617
-0.469877
  3.96198
-0.936129
-0.416874
  3.94056
 0.022831
-0.751702
  7.34611
-10.8882
-1.14476
 9.19964
 -1.78223
-0.375913
  3.73915
 -1.40259
-0.357987
  3.79006
-0.472628
-0.717175
  7.90586
 -5.02265
-0.589509
  5.12457
 -3.91884
-0.500276
  4.85358
 0.378637
-0.422235
  7.61061
 -1.25851
-0.204177
  3.95925
-0.895801
-0.236547
  5.19083
 -6.13853
-0.329312
  5.56258
 -3.59864
-0.220298
  4.78229
-0.984862
-0.332492
  8.64548
-0.104301
-0.307855
  7.89405
 -4.92424
-0.224096
  5.11664
 -2.83118
-0.168139
  4.35362
  -2.11592
-0.0797122
   3.90388
  1.53862
-0.160538
  8.15883
 -0.518264
-0.0573003
   8.05033
 -1.24619
0.0519805
  4.09645
-1.76949
0.143268
 4.00143
0.264199
0.275361
 8.14365
-3.35598
0.207724
 4.64582
-2.17205
0.172576
 4.04886
-1.64915
0.578777
 11.9037
-1.57742
0.264806
 4.19247
-0.277989
 0.455529
    7.534
-5.56139
0.458762
 5.35306
-2.72742
0.312104
 4.34994
 -1.2574
0.377298
 4.46186
-1.91813
0.865555
 10.4004
0.554974
0.708275
 7.72715
-3.58799
0.546977
 4.80384
-1.97652
0.475315
 4.09075
 1.04181
0.881317
 7.89676
-2.90223
0.596387
 4.41309
-0.141852
 0.931001
  7.89116
-5.51258
0.845372
 5.50722
-3.50527
0.842336
 4.77511
-0.713326
   1.2279
  7.72602
-4.88632
 1.15704
 5.60883
-1.91579
0.798297
 4.38584
-0.316968
  1.39834
  8.18549
-2.73586
0.900021
 4.52705
-2.27521
 0.85258
 4.40811
-1.63592
0.831714
 4.46687
0.277765
 1.37669
 7.80496
4.90672
3.51507
19.3383
-1.55416
 1.71714
 9.17094
0.720352
 1.60837
 8.09242
-5.74668
 1.65223
 5.81002
-2.5455
1.22568
4.67746
-3.29244
 1.38665
 4.71137
-1.09183
 2.23047
 8.75766
1.03851
2.15298
8.08402
-3.64903
 1.54252
 4.62988
-1.58679
  1.3915
 4.85883
-1.97297
 2.75052
 9.85285
-0.0583572
   2.22022
   7.91091
-5.30095
 1.96434
 5.52259
-0.598544
  2.39195
  8.33935
-2.68148
 1.51938
 4.64014
-1.86471
 1.45913
 4.71781
4.03319
5.75502
17.9564
-16.7716
 5.99595
 11.7793
0.195668
 2.61255
 7.85586
 1.7057
3.63028
10.9236
-1.5699
3.56045
10.4553
13.3648
10.7064
28.7707
-0.542122
  2.85779
  8.13529
-2.38533
  1.8691
 4.82469
-2.10494
 1.94575
 4.95854
-3.6666
2.09731
4.68703
-2.98749
  2.1238
 4.77153
-5.67516
 3.00642
 6.19368
-2.84241
 5.35377
 13.2171
0.0297414
  3.29173
  8.11577
-1.82654
 2.24962
  5.2308
-1.31527
 4.18245
 9.81643
-3.53274
 2.42868
 4.81935
-2.78083
 6.30227
   13.43
-2.91045
 2.68497
  5.0221
-0.348769
  4.04188
  8.35871
-1.12692
 4.58407
 9.29956
0.751879
 4.00402
 8.17532
-10.6895
 6.18066
 9.17917
-2.43016
 2.73607
 5.14293
-4.84084
 3.26855
 5.30813
-2.17786
 3.01603
 5.40377
1.87202
6.21031
11.6479
9.44058
16.3325
29.6753
-1.8172
 3.3289
5.91625
-2.6214
3.12276
5.10239
-1.62429
  5.5534
 9.47947
-3.46486
 3.42498
 5.03459
-12.3003
 6.67972
 6.23953
-3.03691
 3.43911
  5.1484
5.59492
7.12875
10.7347
-10.8169
 7.02847
 7.87395
-6.10812
 4.83608
 6.35025
-0.764907
  5.55803
  8.98762
5.37483
9.49245
14.7861
4.82037
7.48367
11.0263
-11.0844
  6.7589
 6.35744
-0.0606095
     5.898
   8.69305
2.68815
8.11311
11.7699
-3.27903
 4.18666
 5.42333
1.59456
8.27891
11.8763
-10.7217
 7.48008
 6.89157
-2.59385
 4.18262
 5.58107
 -5.293
5.23254
6.01559
 3.3374
7.39775
 9.9204
5.56058
8.99725
11.3668
-3.67932
 4.49051
 5.20055
2.51965
9.11005
11.6678
-5.61582
 5.52669
 5.43511
-3.17264
  4.7967
 5.48345
3.14923
8.67869
 10.577
4.90647
9.28755
10.8451
-12.0105
 8.06299
 5.13591
-2.53213
 4.97303
  5.7555
6.74449
10.3362
11.3696
-11.3163
 8.37839
 5.22037
-8.88702
 7.37361
  5.0482
4.56341
 9.1235
9.34326
-4.2814
 6.0534
5.69712
0.981422
 6.75104
 7.22486
5.06187
9.17113
8.59808
-3.84773
 6.30939
 5.71671
-3.09671
  6.2239
 5.86572
-8.19786
 7.73336
 5.07604
-9.16132
 9.41497
  6.5781
-5.23879
 7.07709
  5.7836
 4.1977
9.17908
7.86962
3.43973
9.28556
8.06751
-4.90661
 6.55465
 4.66001
2.20503
8.49109
7.14053
-3.6681
7.16685
5.35174
-4.89959
 8.22241
 5.81217
-5.03654
 7.33438
 4.58241
3.79023
10.7125
7.99248
-4.78001
 6.15554
 3.48743
-2.74727
 7.18139
 5.12569
-4.39337
 7.84768
 4.81615
 5.6269
10.4193
6.49365
2.48786
10.4089
7.18536
3.18651
10.5616
6.83326
0.54175
7.34071
4.86395
0.566034
 8.14268
 4.66178
2.16133
7.79555
 4.1318
0.867759
 9.18639
 4.48824
-24.7805
-14.6495
 14.9947
4.54637
-11.533
7.80212
-1.61389
-5.34903
 13.4318
-8.24589
 3.87837
 7.78203
-22.0469
0.329269
 5.81647
-22.4198
-3.54933
 4.70242
 4.85082
-10.2703
 7.94681
 -25.306
-6.65824
 4.21089
   -19.03
-0.702993
  5.39415
-10.6766
 7.89939
 5.83682
1.99867
-8.8866
 4.8802
-11.772
7.17271
5.46665
  7.3931
-16.7494
 8.30701
 6.17705
-17.1423
 7.06423
-17.7238
-6.93192
 3.57499
1.98744
3.73335
9.72622
 1.25362
-8.22527
 5.17496
 -5.5873
-14.7265
 3.90686
 2.06753
-11.5999
 4.62785
 3.56572
-15.9135
 3.42416
-4.8591
-10.044
4.49557
-3.82974
-4.84727
 4.83153
-2.17208
-1.93288
 3.10189
-6.48436
-14.7093
 5.49365
  6.1702
-15.9854
 7.59441
-23.6928
-8.38249
  15.929
 1.76364
-7.62383
 5.06105
  1.4735
-12.4985
  5.6849
-5.43866
-10.7922
 3.28869
-6.36124
-15.4688
 4.94354
 2.02955
-13.6306
 4.49979
-4.25499
-4.95782
 3.19594
-12.0648
 8.44057
 4.28201
-9.09352
 10.1932
  4.8722
-8.36924
 7.02205
 6.43174
-10.6098
 10.2856
 4.41535
-9.73644
 9.95118
 4.89633
-12.5638
 10.6774
  3.3541
-8.81734
 6.93815
 5.70699
8.48891
15.3837
6.60359
-22.2002
-1.64709
 4.82615
 4.91564
-17.1075
 6.16353
-4.06163
-6.16108
  4.3763
-1.64968
-1.82262
 2.47738
-7.6872
13.2952
2.64531
  4.166
7.67252
6.32776
-12.656
10.0949
4.05048
-6.59649
 5.82769
 6.55398
-9.12595
 6.79826
 6.80783
5.66489
10.5762
 6.3143
4.00152
9.09441
6.59822
 4.09205
-6.93301
 9.68369
 4.57388
-14.4156
 6.34023
 1.57872
-9.86452
 5.17818
 2.73445
-11.1985
 4.39726
-23.9322
 1.34952
 4.87303
3.38745
9.08621
8.02815
-10.4873
 8.56444
 5.50875
 -7.2105
-15.0365
 1.60451
0.142614
-3.31315
 6.60748
0.337101
-3.94474
 6.11043
-5.35549
  10.879
 3.12969
-17.6615
 -12.445
 3.39921
-2.28443
 -2.8844
 3.01083
 2.3978
9.34693
 7.4441
0.968378
-6.94044
 6.15137
0.853331
-4.78263
 5.70437
-4.61936
-14.4792
 2.40753
-10.5746
  9.6086
 6.46732
-4.17149
-7.75922
 4.07627
-5.05389
  13.618
 3.44681
-5.73627
-7.54207
 3.33096
-3.43146
 -7.8472
 3.17119
-8.30061
-6.42148
 4.88704
-0.938104
 -3.56522
  1.56874
-4.68511
 -5.8766
 3.34832
-4.84011
-8.81647
 2.60214
 2.24197
-8.85442
 4.22459
-0.616408
 -2.74252
  2.47355
-8.88033
-10.2998
 3.82248
